1109.49
800.00
1112.88
800.00
1113.42
800.00
1113.92
800.00
800.00
1034.17
800.00
800.00
1012.51
1095.32
1016.12
1111.70
1100.49
1061.59
1104.84
1094.15
1058.96
800.00
800.00
1009.63
1100.48
800.00
800.00
1021.25
800.00
1100.48
1043.22
1050.46
1049.12
800.00
1014.88
1017.67
1055.63
800.00
1091.39
1051.48
800.00
800.00
1017.48
1064.30
800.00
800.00
1107.69
800.00
1063.55
1032.13
1096.89
1075.41
800.00
1100.06
1075.01
1061.62
1106.18
1045.06
800.00
1099.62
800.00
1020.20
1028.83
800.00
1101.89
1070.29
1037.32
1096.05
1107.76
1108.10
1032.56
1055.20
800.00
1112.81
1017.97
1084.94
800.00
1058.59
1053.14
1007.80
1019.27
1017.81
1018.42
800.00
1056.99
1104.15
800.00
1026.35
800.00
1033.93
800.00
1037.08
1083.37
800.00
1045.74
1061.16
1063.36
800.00
1068.26
1048.92
1309.04
1410.44
845.14
792.65
1087.45
1227.88
1352.61
1087.45
1289.71
1361.26
1248.98
1385.19
1087.45
1087.45
1087.45
1359.88
994.97
1247.08
1354.41
631.65
792.65
792.65
631.65
1087.45
631.65
792.65
1301.64
1285.40
1214.93
1352.67
1382.84
1341.70
994.97
937.51
1370.20
1300.17
631.65
1087.45
1372.98
994.97
1272.38
845.14
1087.45
1354.32
994.97
1087.45
792.65
792.65
994.97
1380.23
937.51
1429.69
1359.18
1087.45
1312.23
631.65
1087.45
845.14
1317.27
1243.66
1384.42
1231.51
1087.45
845.14
1391.44
1087.45
1282.72
1278.05
1161.06
1176.54
1279.38
994.97
1305.09
631.65
631.65
1087.45
1161.06
1286.62
1259.45
1237.76
1087.45
845.14
631.65
792.65
994.97
1265.71
631.65
994.97
631.65
1087.45
1411.49
1087.45
994.97
1229.60
1201.20
1087.45
994.97
1260.40
1271.33
1332.01
2003.73
1452.17
1513.13
1134.01
1452.17
2003.73
1134.01
1134.01
1683.93
1513.13
991.84
1115.74
1069.79
1134.01
644.69
991.84
631.81
1115.74
1513.13
1513.13
1640.53
1513.13
1338.46
644.69
1849.58
1069.79
1513.13
644.69
1598.93
1502.02
750.12
1513.13
1687.47
1452.17
1134.01
644.69
1134.01
644.69
1268.71
1550.50
1134.01
1452.17
750.12
1513.13
1550.50
1513.13
1513.13
1478.31
631.81
1513.13
1758.83
1760.65
1513.13
1452.17
644.69
1207.20
631.81
1134.01
1513.13
1207.20
1452.17
631.81
1338.46
1782.74
644.69
991.84
1513.13
1658.94
1513.13
1338.46
1513.13
1338.46
1513.13
1624.43
1516.33
782.06
1338.46
1513.13
1513.13
1590.68
1759.33
1207.20
1513.13
1759.33
644.69
1513.13
644.69
1069.79
1478.31
1134.01
1849.58
644.69
2003.73
1338.46
1134.01
1452.17
1584.13
1728.07
644.69
644.69
1513.13
994.97
800.00
1109.88
1313.09
937.51
800.00
1404.37
1379.31
1513.13
800.00
1341.27
1190.22
800.00
1295.38
1442.35
994.97
800.00
1305.05
800.00
1190.22
1378.19
675.44
881.92
881.92
800.00
1087.45
1190.22
800.00
1052.43
1214.98
1290.52
675.44
1513.13
1387.89
1052.43
675.44
1276.05
994.97
994.97
1278.70
1390.48
1389.62
1513.13
1463.88
1341.95
1190.22
1269.15
800.00
994.97
1513.13
1109.88
675.44
994.97
675.44
675.44
1371.49
1429.34
675.44
675.44
675.44
1292.58
1190.22
1401.45
1241.45
1161.06
1087.45
800.00
675.44
800.00
1207.20
1279.13
1435.65
1356.08
1423.09
1052.43
1366.06
675.44
675.44
1513.13
1052.43
994.97
800.00
800.00
1292.99
545.70
1513.13
800.00
1298.70
1087.45
675.44
994.97
800.00
1332.50
1513.13
1052.43
881.92
675.44
1052.43
1190.22
1592.25
800.00
1509.55
1513.13
1281.90
1168.00
1493.45
1052.43
1274.95
1115.74
675.44
1348.70
750.12
1485.55
782.06
1257.65
1207.20
1194.40
1513.13
1166.25
994.97
1169.40
1355.05
1464.90
1317.00
1339.90
1513.13
1273.75
1163.15
1513.13
1172.80
675.44
1069.79
1190.22
1228.90
1513.13
1399.45
675.44
1457.95
1323.45
1134.01
1550.60
1198.75
800.00
1249.40
1207.20
1215.40
631.65
1513.13
632.19
800.00
800.00
800.00
800.00
1323.60
545.70
675.44
1419.34
800.00
800.00
675.44
675.44
1262.06
1238.12
1462.26
800.00
675.44
1325.93
1345.94
800.00
1353.68
1245.97
1358.15
1263.49
545.70
1465.79
1321.33
1458.25
1444.91
800.00
675.44
545.70
800.00
800.00
1414.50
675.44
1471.22
1326.26
675.44
1498.25
800.00
1207.68
800.00
1382.25
800.00
800.00
1312.82
1236.43
1431.41
1441.58
1308.28
1313.39
675.44
800.00
1306.62
800.00
1475.42
675.44
1308.01
1225.01
1267.97
1304.88
675.44
800.00
800.00
545.70
1373.25
1421.63
1283.47
800.00
1420.54
1443.05
1397.44
800.00
800.00
800.00
675.44
800.00
1450.89
800.00
675.44
1339.02
800.00
675.44
800.00
800.00
1518.78
800.00
1374.99
675.44
800.00
1278.45
1222.97
800.00
800.00
800.00
1366.95
1410.53
800.00
1463.01
1378.70
738.40
738.40
1069.79
631.65
1201.95
750.12
782.06
1069.79
1345.34
782.06
1330.46
1069.79
782.06
1353.62
750.12
1233.65
1218.10
1069.79
1069.79
1244.00
1274.34
738.40
1115.74
1371.28
750.12
1452.17
750.12
1069.79
1283.23
750.12
738.40
1227.86
1256.45
750.12
1377.87
1069.79
1069.79
631.65
1069.79
1452.17
1500.16
1069.79
1452.17
750.12
738.40
1337.57
1069.79
1248.06
1287.79
1069.79
1298.85
1550.50
1316.14
1212.57
1349.30
738.40
1266.20
1242.75
1380.38
782.06
1069.79
1268.24
1550.50
1345.37
782.06
631.65
1309.18
1069.79
1300.30
1069.79
1189.11
1304.23
1200.03
1492.52
631.65
1115.74
1284.80
1115.74
1250.83
631.65
1305.50
750.12
738.40
782.06
782.06
1550.50
1321.25
1411.49
1550.50
1212.64
1069.79
1306.22
1069.79
1069.79
1273.14
1288.50
1474.82
1341.39
1281.13
1513.13
1338.46
2003.73
1513.13
1682.35
2003.73
1513.13
2003.73
1849.58
2003.73
2003.73
2003.73
644.69
2003.73
644.69
1759.33
644.69
1513.13
644.69
2003.73
644.69
644.69
1513.13
1338.46
1513.13
1711.20
1338.46
1849.58
915.45
2003.73
644.69
1513.13
2003.73
2003.73
1849.58
644.69
1283.86
1759.33
2003.73
915.45
644.69
1759.33
2003.73
644.69
644.69
2003.73
1338.46
644.69
2003.73
2003.73
1283.86
2003.73
1660.21
1338.46
2003.73
1338.46
2003.73
1849.58
1676.43
1661.45
1707.76
922.20
1695.85
644.69
2003.73
2003.73
2003.73
1661.05
2003.73
1283.86
2003.73
1338.46
1338.46
2003.73
644.69
1849.58
1338.46
2003.73
644.69
1665.51
644.69
1513.13
1338.46
2003.73
1513.13
1513.13
2003.73
1513.13
1659.90
1849.58
1283.86
2003.73
2003.73
644.69
1338.46
644.69
2003.73
1849.58
1283.86
1338.46
800.00
800.00
1561.64
400.00
1348.57
1379.00
1207.20
1667.38
632.19
1134.01
2003.73
1485.43
1905.34
1791.92
1472.30
1996.04
991.84
1578.61
1478.31
1936.57
400.00
1849.58
1060.95
991.84
1513.13
1069.79
1468.74
782.06
1060.95
1849.58
1478.31
400.00
1849.58
800.00
1526.06
2003.73
1386.57
991.84
1653.96
1132.69
1759.33
1849.58
1115.74
1255.91
800.00
991.84
1478.31
1376.10
800.00
800.00
1454.47
1400.55
1134.01
1849.58
1454.47
750.12
1513.13
1740.45
1299.62
1728.07
1207.20
987.64
800.00
800.00
1532.59
1227.06
1513.13
1759.33
800.00
1481.98
1853.68
800.00
1383.62
1170.53
1454.54
915.45
1849.58
915.45
800.00
1602.58
1769.73
1134.01
400.00
1513.13
800.00
1849.58
1069.79
1737.37
994.97
1478.31
2003.73
500.00
1207.20
800.00
1446.79
1629.69
1478.31
1225.88
1151.26
1340.94
1115.74
400.00
1478.31
1502.02
1792.58
644.69
1578.61
915.45
800.00
631.81
1879.81
418.17
1704.99
1377.07
500.00
1513.13
1849.58
1349.59
1115.74
1588.80
1485.87
1513.13
1283.86
1513.13
1197.73
1849.58
1724.28
1565.94
915.45
991.84
800.00
1087.45
1313.06
800.00
1150.59
400.00
1389.63
800.00
1478.31
1202.81
800.00
1295.15
1388.48
991.84
1207.20
1759.33
1338.46
994.97
1270.94
1550.50
915.45
1115.74
1849.58
1849.58
1513.13
1274.62
1469.21
800.00
1605.29
1338.46
1478.31
1515.47
800.00
400.00
1662.02
1069.79
750.12
792.65
1513.13
1849.58
1513.13
400.00
1397.06
1849.58
1290.39
400.00
644.69
400.00
1554.75
1478.31
782.06
1478.31
1338.46
400.00
1502.02
400.00
1207.58
1157.41
675.44
1207.20
1338.46
1849.58
1470.82
738.40
1541.67
1262.81
644.69
644.69
1249.84
631.81
1467.81
400.00
400.00
1231.87
994.97
631.81
400.00
400.00
400.00
1338.46
1411.03
1513.13
400.00
1435.30
1478.31
1849.58
400.00
1759.33
1545.79
1115.74
631.65
2062.89
2003.73
1759.33
1283.83
1647.72
1415.29
1148.46
1362.59
1849.58
400.00
1636.44
1134.01
644.69
1338.46
915.45
1849.58
1996.45
2003.73
991.84
915.45
991.84
1338.46
1087.45
1338.46
1115.74
1261.85
1675.73
1478.31
1792.58
632.19
1253.57
1338.46
